10
10
5
10
9
6
14
12
6
10
10
10
10
7
5
13
15
6
7
12
10
9
8
11
6
9
5
11
8
9
10
10
6
12
6
10
17
13
8
9
8
14
5
14
12
4
9
3
16
9
10
11
10
14
12
9
12
11
10
9
13
4
11
15
9
13
7
8
8
17
7
10
13
8
8
14
11
8
9
5
15
13
10
9
9
15
8
11
12
11
5
14
10
13
8
11
17
5
7
8
9
8
7
9
8
16
9
10
10
14
7
9
8
9
13
9
11
8
12
18
7
6
13
8
15
9
8
6
5
11
14
11
12
9
11
12
10
10
5
6
8
10
11
11
15
6
13
6
9
15
8
6
7
17
7
13
8
12
11
9
6
10
8
3
8
9
11
8
9
13
7
11
11
6
14
3
15
6
10
13
6
13
7
12
14
9
5
5
14
10
12
9
6
12
10
17
14
11
16
10
13
10
13
9
6
7
13
13
9
12
17
7
10
11
7
15
7
5
11
11
18
12
7
9
11
11
8
8
8
10
9
5
10
8
7
13
10
12
12
12
9
13
4
9
11
9
9
14
3
15
7
12
12
3
5
10
12
8
4
15
12
7
9
9
14
17
7
6
20
9
7
15
11
16
16
8
11
8
13
18
10
7
4
8
5
17
3
11
4
11
7
11
10
11
9
11
16
8
7
10
8
10
7
9
7
12
10
6
11
12
9
14
5
10
8
14
7
8
10
13
12
8
11
13
12
14
13
7
5
8
4
4
9
6
11
14
11
6
13
8
14
11
6
10
9
11
7
14
11
9
13
11
14
11
9
11
4
7
5
10
4
9
3
5
7
14
12
14
9
8
11
6
12
10
13
15
6
8
10
6
10
15
15
12
9
8
7
7
13
9
8
5
9
11
12
12
13
5
7
7
11
9
6
6
15
10
14
12
18
8
7
12
10
9
11
5
7
6
6
14
7
8
12
15
10
12
10
10
11
8
13
8
11
7
7
15
9
9
14
7
13
9
8
11
6
7
8
12
12
7
11
8
9
8
9
14
4
11
7
10
13
12
4
9
8
7
10
6
8
11
5
11
12
5
13
9
7
3
4
9
6
10
5
10
8
15
10
8
6
7
6
13
14
11
8
12
9
11
6
6
10
8
7
10
11
11
8
11
9
9
10
7
6
9
10
6
10
6
6
6
6
8
6
9
10
9
12
9
9
11
15
9
6
10
14
5
9
11
15
6
10
6
11
13
11
12
13
12
9
14
13
12
17
12
13
9
10
12
5
11
9
12
12
5
11
6
14
7
9
8
4
7
8
14
11
9
5
5
15
12
14
6
7
17
15
6
10
12
9
16
16
10
9
8
12
9
9
15
12
6
10
6
11
15
11
11
12
9
11
14
6
9
9
9
10
7
12
2
11
4
11
4
11
10
11
7
12
12
9
8
7
14
4
9
11
14
2
15
11
4
3
7
8
10
9
7
17
9
7
9
8
8
10
10
18
12
7
11
10
13
8
9
7
11
9
12
7
12
10
7
9
9
12
8
11
8
5
11
5
6
9
8
13
11
7
9
13
9
11
11
11
11
9
9
11
15
11
11
15
9
8
9
9
6
14
10
16
8
12
11
5
7
4
8
13
8
12
11
7
14
10
10
14
8
11
15
15
10
12
7
11
5
5
11
8
11
8
9
9
11
4
9
14
11
3
8
8
5
12
8
11
10
12
8
11
7
8
13
6
12
15
16
7
8
6
9
7
11
8
12
9
7
13
3
7
9
4
10
11
11
11
8
7
8
16
13
8
12
10
20
12
8
10
5
7
14
8
7
8
8
11
13
8
10
8
7
6
12
6
3
5
6
19
10
4
7
15
14
9
14
5
9
8
8
6
14
9
9
13
9
6
13
9
10
10
4
10
10
6
12
11
12
5
7
11
12
14
10
7
4
11
7
9
8
6
14
8
5
8
8
15
12
11
9
10
10
6
12
14
8
12
9
11
12
9
8
10
14
7
13
11
17
9
11
7
11
9
7
8
10
8
6
7
8
17
13
6
7
10
13
6
17
8
10
7
9
10
12
9
11
7
