0
1
2
1
0
2
0
0
1
2
1
1
0
1
5
5
3
2
2
2
4
5
6
3
9
9
3
6
7
6
5
10
8
11
15
5
11
10
12
13
9
16
10
20
16
20
16
12
31
23
23
14
20
24
17
17
18
21
19
19
15
16
17
23
19
16
19
16
13
15
16
16
19
15
21
20
14
8
12
6
11
7
14
6
4
3
5
6
7
7
6
1
5
4
3
2
4
2
0
3
2
2
2
1
2
1
1
1
0
2
1
1
0
1
3
2
3
0
1
1
1
1
1
0
1
1
2
5
3
4
3
5
3
3
1
4
4
6
4
5
3
8
5
8
5
10
6
12
9
7
11
12
9
17
6
9
12
15
15
11
12
14
14
15
6
15
10
16
18
18
17
12
15
12
13
11
7
9
15
8
10
8
12
8
10
12
6
7
9
7
3
9
6
10
6
6
1
2
5
5
3
6
2
0
3
4
5
3
1
1
2
5
3
4
2
4
2
1
0
4
4
3
3
2
0
2
1
1
1
3
1
1
2
1
0
2
1
4
0
2
1
2
4
6
3
2
3
7
2
2
6
6
4
4
3
4
5
6
5
4
6
5
12
6
4
6
4
3
8
7
6
6
9
6
10
12
14
6
5
6
7
5
12
7
17
11
14
5
10
10
9
3
4
9
5
10
6
3
9
10
9
6
11
5
7
7
7
6
8
5
4
9
10
6
11
9
6
8
7
10
12
6
6
7
9
5
6
11
6
6
8
9
5
6
6
4
9
5
8
4
9
5
2
1
6
1
2
4
2
3
2
1
1
2
0
2
4
3
2
3
4
3
1
2
4
3
3
2
6
4
6
4
3
3
2
5
4
11
3
6
9
5
7
5
6
8
8
3
7
8
12
4
6
8
9
7
5
5
9
10
7
15
8
10
14
8
11
9
8
9
13
12
17
13
16
22
18
16
23
14
20
14
24
18
19
24
28
20
14
17
16
20
26
17
23
21
20
15
14
16
26
16
17
14
17
11
9
9
14
6
7
12
5
6
15
5
6
4
2
3
2
2
0
1
0
1
2
0
1
4
1
3
0
0
3
0
3
2
1
2
4
0
4
7
5
11
2
6
1
3
2
1
0
5
5
6
6
4
10
7
8
3
7
4
10
6
5
4
6
9
8
11
14
9
14
13
20
16
17
10
22
11
11
15
15
18
12
21
27
26
23
20
28
20
25
30
29
31
22
20
24
21
29
30
19
24
27
21
23
18
12
13
31
17
20
17
12
20
10
13
10
12
8
4
10
4
4
2
3
7
3
5
2
2
1
4
2
4
2
3
1
3
5
1
0
2
3
1
3
1
1
1
2
1
0
3
2
5
2
6
1
1
7
5
3
7
5
4
4
4
3
6
6
12
10
12
11
28
11
15
12
16
14
16
17
14
22
21
15
21
19
20
28
19
24
25
20
28
23
23
29
40
26
20
29
27
23
34
32
35
28
33
34
23
20
28
20
24
26
24
15
24
6
26
14
15
7
15
18
12
7
11
11
7
3
4
5
3
6
6
3
2
4
2
2
4
1
0
0
0
1
2
0
2
2
1
1
3
2
1
3
1
5
3
1
3
3
3
1
2
6
4
6
3
8
5
9
6
7
10
9
7
13
7
8
12
16
10
7
7
18
15
25
18
20
27
22
20
22
20
25
27
23
24
26
35
28
31
28
25
27
37
23
31
32
37
18
28
36
33
18
26
32
32
30
24
17
19
25
22
21
20
19
14
15
17
8
16
14
6
7
8
11
8
4
7
6
2
2
5
1
1
1
4
0
0
1
3
0
0
1
1
0
2
2
0
0
1
1
2
0
1
0
1
2
4
3
3
4
3
3
1
5
4
2
7
6
9
10
5
9
11
9
12
15
15
12
10
17
16
16
19
19
18
15
18
14
27
25
22
20
17
19
31
22
29
22
12
19
27
28
17
25
27
24
23
22
31
21
21
32
13
24
22
22
20
23
13
13
17
9
14
15
17
10
9
10
8
6
10
3
5
5
7
6
4
1
3
3
3
1
2
1
2
2
0
1
1
0
0
0
