1
5
12
14
15
14
15
15
10
13
10
7
12
10
6
11
15
16
10
12
10
12
8
5
6
11
7
1
7
10
7
3
8
9
8
2
2
3
2
3
4
2
7
7
2
8
7
5
2
1
3
3
5
4
2
9
6
15
10
6
5
9
2
2
16
16
12
23
19
12
19
18
22
14
14
22
17
13
22
19
22
21
20
29
22
21
23
19
20
12
11
21
15
15
15
17
6
8
6
6
7
7
1
6
10
3
5
10
14
18
18
18
10
15
16
16
21
14
19
22
10
17
13
15
10
15
9
12
9
14
16
13
18
12
16
10
12
7
5
4
7
3
4
8
8
7
9
10
14
6
4
4
3
2
3
6
2
7
6
12
9
6
12
8
9
9
5
2
10
11
16
11
13
19
10
13
11
9
7
6
12
10
6
7
12
12
17
13
11
8
10
9
7
8
10
8
5
10
8
7
10
4
8
4
2
2
6
6
4
3
8
9
11
7
11
9
7
11
13
2
13
4
13
12
11
14
12
14
7
10
18
11
5
18
11
10
9
15
9
10
8
13
6
3
4
1
6
4
7
7
10
10
3
10
3
7
5
0
5
5
7
4
8
15
16
7
8
7
5
10
6
9
12
10
8
16
13
25
15
18
11
13
14
9
8
16
20
5
10
9
19
16
14
18
10
8
15
10
4
10
12
14
7
10
9
6
4
3
1
5
3
5
1
6
6
2
6
0
6
2
3
4
5
4
9
5
10
7
9
7
4
5
3
4
5
4
6
7
3
9
10
3
9
3
4
2
9
6
2
5
11
8
3
8
4
3
4
1
1
1
5
1
4
7
8
4
3
7
3
3
6
5
5
5
5
6
14
10
14
18
12
9
6
9
6
6
8
11
20
10
14
8
11
16
13
7
7
8
10
11
10
8
15
17
12
10
5
10
5
6
2
4
10
14
11
4
6
7
5
5
5
7
5
2
6
3
7
3
4
6
7
13
8
4
7
9
2
20
14
18
22
11
17
13
20
19
13
14
13
15
18
11
14
26
19
12
14
19
10
20
13
13
8
7
7
4
12
14
11
9
5
2
8
2
3
5
1
5
12
9
17
20
18
12
13
25
18
15
16
19
19
20
24
23
21
14
15
21
16
10
18
16
9
9
16
13
12
19
21
17
12
13
3
4
0
5
3
7
11
8
6
6
5
7
9
4
2
1
6
8
4
5
9
10
8
12
4
7
2
4
5
12
12
16
11
8
7
17
10
2
7
6
7
8
10
9
10
13
16
16
9
15
12
11
14
8
4
12
9
7
14
7
9
3
3
4
3
5
4
2
6
2
2
9
16
24
13
10
8
7
13
8
8
12
17
15
14
11
12
19
10
9
8
8
9
13
9
10
14
11
18
19
11
10
14
12
7
3
7
3
9
8
10
9
9
7
5
3
4
6
5
5
5
8
3
7
6
6
1
7
7
3
3
3
2
20
19
19
17
9
27
17
18
16
14
17
17
15
14
15
15
13
12
18
9
12
19
14
14
12
18
20
16
21
14
9
13
2
4
2
7
6
6
6
9
4
11
9
12
6
5
2
3
2
3
1
4
11
8
12
7
11
6
8
4
3
11
9
7
9
11
9
8
18
8
7
16
6
7
12
10
8
11
15
18
23
11
6
12
15
5
9
11
15
11
17
7
9
5
8
7
5
7
5
3
3
5
4
6
11
18
11
13
9
8
7
7
6
10
14
13
8
9
13
12
11
12
16
15
5
11
9
9
13
15
13
8
9
13
8
3
4
5
3
5
11
7
6
11
11
10
5
4
1
4
6
2
2
5
2
8
5
6
6
9
10
9
8
10
5
15
23
23
23
19
22
21
25
16
13
17
9
23
12
19
15
20
15
13
21
17
14
21
12
10
5
11
17
11
16
17
12
7
11
6
2
6
2
2
6
6
9
7
19
17
17
16
9
9
13
11
14
10
17
15
15
9
7
13
16
21
12
6
10
13
13
18
4
4
10
14
11
9
10
11
2
5
2
11
3
10
6
4
4
7
7
1
2
3
7
4
6
5
4
3
10
11
6
8
10
6
