7
10
8
11
8
14
5
9
7
8
5
9
9
10
2
6
4
11
11
8
9
6
6
8
6
11
11
6
6
5
6
7
8
8
4
4
11
6
9
4
7
15
12
13
7
7
5
2
6
12
5
7
9
9
4
4
6
7
10
12
11
18
8
9
7
10
9
9
12
8
6
6
8
11
5
6
12
10
11
3
13
6
6
10
10
5
7
15
9
8
8
9
6
6
6
4
5
9
3
14
9
8
7
7
14
7
6
6
4
6
10
6
7
8
12
15
8
10
9
8
9
6
9
13
5
10
8
7
10
12
12
15
11
12
1
9
12
17
18
10
13
4
14
15
7
12
6
9
8
8
5
9
10
11
6
13
9
7
10
5
4
10
9
5
8
12
9
10
5
6
10
10
13
5
9
11
12
10
12
8
12
14
11
5
12
16
11
9
16
12
7
9
11
5
11
4
11
6
7
9
10
8
12
12
10
8
4
8
8
5
5
8
7
10
8
8
11
12
14
12
7
10
12
5
12
9
7
12
16
16
10
9
7
8
9
6
14
11
6
12
15
13
7
9
12
7
9
3
10
15
11
9
12
8
13
7
7
15
11
7
10
17
13
14
10
8
10
13
11
6
8
18
19
13
11
10
12
10
14
14
13
10
11
17
10
8
14
11
8
11
10
6
10
10
14
13
7
11
13
9
15
10
15
15
13
8
14
12
18
6
8
12
9
15
11
9
13
9
13
17
8
12
13
6
11
9
8
6
14
8
18
14
6
12
5
11
3
15
14
7
11
8
11
12
15
9
9
16
4
12
13
11
11
9
10
13
14
15
9
13
6
8
7
21
11
16
5
15
13
8
8
8
14
9
8
14
9
13
14
12
10
12
10
12
11
12
7
10
8
12
12
9
9
9
9
8
7
7
8
12
8
12
11
7
6
8
11
11
10
2
7
7
10
3
3
14
9
9
10
7
11
12
13
6
8
5
7
10
7
7
12
9
8
7
14
14
12
9
7
9
13
9
5
9
15
10
6
8
8
9
11
13
10
9
8
6
15
6
9
10
11
8
12
10
9
9
14
8
11
7
12
5
15
7
10
13
4
11
10
7
9
13
6
9
6
6
12
13
7
9
9
3
15
12
9
16
10
6
5
7
4
11
7
6
8
7
4
7
8
5
8
9
19
7
9
6
13
10
14
10
19
9
23
9
7
13
12
11
18
9
8
13
14
9
18
11
11
11
14
12
12
14
9
15
8
13
9
11
7
12
13
8
8
12
10
12
14
13
17
19
14
14
10
15
13
8
8
9
13
13
13
14
12
13
11
11
14
11
13
12
14
8
14
10
14
16
20
13
9
17
8
8
17
12
15
15
9
11
8
8
13
13
12
9
5
12
5
15
12
13
12
15
13
8
15
11
14
18
9
10
14
11
6
9
8
7
10
7
12
11
9
15
8
22
13
7
15
9
7
9
7
9
7
13
15
15
9
5
15
11
14
14
7
11
14
16
9
13
11
13
12
14
16
15
12
18
13
9
12
13
8
10
16
16
12
9
12
13
12
11
12
12
11
10
16
8
10
16
10
11
13
14
11
13
11
13
10
18
10
12
15
13
8
15
9
5
9
15
3
8
7
11
4
8
10
9
8
11
11
8
4
10
9
6
3
8
7
8
4
7
9
5
10
2
8
7
10
9
10
7
8
10
6
6
9
13
8
13
12
7
7
6
12
3
9
10
11
9
5
6
8
10
7
8
9
4
11
9
8
3
8
10
8
2
7
6
8
7
2
6
5
10
12
5
6
8
7
9
8
7
10
7
7
8
12
10
5
7
7
2
11
4
9
10
9
10
5
1
9
6
6
13
9
8
5
12
7
6
9
11
6
9
9
4
5
9
4
8
8
9
5
5
12
16
14
9
9
3
13
8
13
14
10
8
4
7
12
7
11
7
7
10
9
11
6
6
8
13
8
9
14
5
5
11
10
6
11
7
8
8
8
7
10
13
14
6
8
11
1
7
7
12
7
11
8
11
7
12
4
13
6
6
11
6
3
7
13
9
10
8
10
9
10
5
10
10
13
11
8
4
10
